ID	222	226	227	228	229	230	231	232	233	234	235	236	237	238	239	240	241	242	244	248	249	251	252	253	254	255	256	257	258	259	263	264	265	267	268	269	270	271	272	273	274	275	276	277	278	279	280	281	282	283	284	285	286	287	288	289	290	291	292	293
Uncultured Microscillaceae	0.025233645	0.013084112	0.013084112	0	0.008411215	0.009345794	0.006542056	0.014018692	0.008411215	0.005607477	0.009345794	0.004672897	0.002803738	0.008411215	0.008411215	0.002803738	0.001869159	0	0.001869159	0	0	0.008411215	0.006542056	0.012149533	0.004672897	0.008411215	0.001869159	0.008411215	0.000934579	0	0.001869159	0	0	0	0	0	0	0	0	0	0	0	0	0	0	0	0	0	0	0	0	0	0	0	0	0	0	0	0	0
Uncultured Gemmatimonadaceae	0	0.000934579	0.001869159	0	0.002803738	0.001869159	0.000934579	0	0	0	0	0.000934579	0.002803738	0	0.001869159	0	0	0	0	0	0	0.003738318	0.007476636	0.001869159	0.003738318	0.008411215	0.003738318	0.000934579	0	0.001869159	0	0	0	0	0	0	0	0	0	0	0	0	0	0	0	0	0	0	0	0	0	0	0	0	0	0	0	0	0	0
Nectria lugdunensis	0.000934579	0.001869159	0.009345794	0	0.012149533	0.007476636	0.003738318	0.004672897	0.002803738	0.002803738	0.001869159	0.004672897	0.000934579	0	0	0.003738318	0	0	0.017757009	0	0	0	0	0.006542056	0	0.006542056	0.008411215	0	0	0	0	0	0	0	0	0	0	0	0	0	0	0	0	0	0	0	0	0	0	0	0	0	0	0	0	0.003738318	0	0	0	0
Paucibacter	0.004672897	0.014018692	0.017757009	0	0.014953271	0.046728972	0.008411215	0.014953271	0.008411215	0.014018692	0.018691589	0.014018692	0.005607477	0.013084112	0.01682243	0.006542056	0.009345794	0	0.03364486	0	0	0	0.005607477	0	0.005607477	0	0.005607477	0.002803738	0	0	0	0	0	0	0	0	0	0	0	0	0	0	0	0	0.000934579	0	0	0	0	0	0	0	0	0	0	0	0	0	0	0.000934579
Chaetomium	0.010280374	0.014018692	0.008411215	0	0.013084112	0.012149533	0.005607477	0	0.004672897	0	0	0.013084112	0.002803738	0.010280374	0	0.013084112	0	0.01588785	0.045794393	0	0	0.013084112	0.021495327	0.028037383	0.053271028	0.034579439	0.019626168	0.014953271	0	0	0	0	0.005607477	0	0	0	0	0	0	0	0	0	0.003738318	0.014018692	0.008411215	0.013084112	0.004672897	0.007476636	0.000934579	0.000934579	0.000934579	0	0.000934579	0.001869159	0.001869159	0.000934579	0.000934579	0.000934579	0	0
Glissomonad	0	0	0	0	0	0	0	0	0	0	0	0	0	0	0	0	0	0	0	0	0	0	0	0	0	0	0	0	0	0	0	0	0	0	0	0	0	0	0	0.004672897	0	0	0.003738318	0.001869159	0.000934579	0.001869159	0.003738318	0.003738318	0.011214953	0.003738318	0.003738318	0.004672897	0.008411215	0.005607477	0.008411215	0.010280374	0.008411215	0.010280374	0.010280374	0.010280374
Allapsidae (Group-Te)	0.007476636	0.022429907	0.007476636	0	0.018691589	0.028037383	0.003738318	0.006542056	0.006542056	0.005607477	0.006542056	0.009345794	0.004672897	0.004672897	0.018691589	0.001869159	0	0.007476636	0.018691589	0	0	0	0.022429907	0.007476636	0.006542056	0.014018692	0.009345794	0	0.01682243	0	0	0	0	0.011214953	0	0	0.022429907	0	0	0.030841121	0.019626168	0.007476636	0.023364486	0.013084112	0.01588785	0.014953271	0.024299065	0.010280374	0.075700935	0.085981308	0.012149533	0.012149533	0.01588785	0.040186916	0.06635514	0.05046729	0.028971963	0.046728972	0.020560748	0.028971963
Pantoea agglomerans	0	0	0	0	0	0.000934579	0	0	0	0	0	0	0.001869159	0.008411215	0.008411215	0.027102804	0.012149533	0	0.002803738	0	0.002803738	0.012149533	0	0	0	0.000934579	0.000934579	0.001869159	0	0	0.013084112	0.024299065	0	0.002803738	0.002803738	0.143925234	0.007476636	0.062616822	0.009345794	0.018691589	0.028037383	0.008411215	0.002803738	0.005607477	0.091588785	0.000934579	0.007476636	0.011214953	0.000934579	0.006542056	0	0.000934579	0.000934579	0.003738318	0.053271028	0.011214953	0.009345794	0.001869159	0.003738318	0.006542056
Paraburkholderia kururiensis	0	0	0	0.036448598	0	0	0	0	0	0	0	0.001869159	0	0.063551402	0.06635514	0	0.110280374	0.228037383	0.003738318	0.611214953	0.223364486	0	0.003738318	0	0	0	0.004672897	0.014953271	0.107476636	0.240186916	0.285046729	0.147663551	0.025233645	0	0	0	0	0	0	0	0	0	0	0	0	0	0	0	0	0	0	0	0	0	0	0.051401869	0	0	0	0
Pseudomonas	0	0	0	0	0	0	0	0	0	0	0	0.000934579	0	0.012149533	0.019626168	0	0.03271028	0.059813084	0.002803738	0.11588785	0.03364486	0	0	0	0	0	0.002803738	0.002803738	0.021495327	0.044859813	0.077570093	0.040186916	0.007476636	0	0	0	0	0	0	0	0	0	0	0	0	0	0	0	0	0	0	0	0	0	0	0.01588785	0	0	0	0
Uncultured Burkholderiaceae	0.000934579	0	0.001869159	0	0.000934579	0.005607477	0	0.000934579	0.000934579	0.000934579	0	0	0.001869159	0.000934579	0	0.002803738	0.000934579	0	0.003738318	0	0	0	0	0	0.000934579	0.000934579	0	0	0	0	0	0	0	0	0	0	0	0.000934579	0	0	0	0	0.001869159	0.001869159	0.000934579	0	0	0	0.000934579	0	0.000934579	0	0	0.000934579	0	0.002803738	0	0	0	0
Acidovorax	0	0.000934579	0.002803738	0	0.007476636	0.008411215	0.017757009	0.023364486	0.03364486	0.014953271	0.009345794	0.03364486	0.024299065	0.035514019	0.018691589	0.014018692	0.013084112	0	0.018691589	0	0.01588785	0.077570093	0.035514019	0.096261682	0.024299065	0.054205607	0.020560748	0.01588785	0	0	0	0	0	0	0	0	0	0	0.007476636	0	0	0	0	0	0	0	0	0	0	0	0	0	0	0	0	0	0	0	0	0
Ramlibacter	0	0	0	0	0	0	0	0	0	0	0	0	0	0	0	0	0	0	0	0	0	0	0	0	0	0	0	0	0	0	0	0	0.011214953	0.004672897	0.008411215	0.004672897	0.008411215	0	0.004672897	0.006542056	0.007476636	0.007476636	0	0	0.001869159	0.000934579	0.000934579	0	0.001869159	0	0.002803738	0.000934579	0	0	0.000934579	0	0	0	0	0
Lecythophora	0.004672897	0.001869159	0.000934579	0	0.004672897	0.007476636	0	0	0	0	0	0	0	0	0	0	0	0	0	0	0	0	0	0	0	0	0	0	0	0	0	0	0	0	0	0	0	0	0	0	0	0	0.010280374	0.028037383	0.008411215	0.020560748	0.007476636	0.006542056	0.009345794	0.014018692	0.014953271	0	0.004672897	0.008411215	0.004672897	0.002803738	0.007476636	0.002803738	0	0.005607477
Agromyces	0.001869159	0.003738318	0.002803738	0.003738318	0.000934579	0.002803738	0.002803738	0	0.001869159	0.001869159	0.004672897	0.007476636	0.003738318	0	0	0	0	0.008411215	0.003738318	0	0.002803738	0.001869159	0.009345794	0.002803738	0.002803738	0.005607477	0.004672897	0.004672897	0	0	0	0	0	0	0	0	0	0	0	0	0	0	0	0	0	0	0	0	0	0	0	0	0	0	0	0	0	0	0	0
Sphingomonas	0	0	0	0	0	0	0	0	0	0	0	0	0	0	0	0	0	0	0	0	0	0	0	0	0	0	0	0	0	0	0	0	0	0.008411215	0.005607477	0.006542056	0.006542056	0.004672897	0.01588785	0.010280374	0.014018692	0.007476636	0.000934579	0	0.004672897	0.001869159	0.004672897	0.008411215	0.005607477	0.002803738	0.006542056	0.007476636	0.003738318	0	0.004672897	0.002803738	0.006542056	0.005607477	0.003738318	0.003738318
Uncultured Nolandellidae	0.006542056	0	0.005607477	0	0.003738318	0.005607477	0.001869159	0.000934579	0.002803738	0.000934579	0.002803738	0.004672897	0	0.001869159	0	0	0	0	0	0	0	0.002803738	0.001869159	0.001869159	0	0.003738318	0.005607477	0.003738318	0	0	0	0	0	0	0	0	0	0	0	0	0	0	0	0	0	0	0	0	0	0	0	0	0	0	0	0	0	0	0	0
Acidovorax2	0.001869159	0.000934579	0.002803738	0	0.003738318	0.000934579	0.005607477	0.003738318	0.010280374	0.005607477	0.002803738	0.004672897	0.007476636	0.003738318	0	0.004672897	0.000934579	0	0.002803738	0	0	0	0	0	0.004672897	0	0.001869159	0.003738318	0	0	0	0	0	0	0	0	0	0	0	0	0	0	0	0	0	0	0	0	0	0	0	0	0	0	0	0	0	0	0	0.000934579
Acidothermus	0	0	0	0	0	0	0	0	0	0	0	0	0	0.005607477	0	0	0	0	0	0	0	0	0	0	0	0	0	0	0	0	0	0	0	0	0	0.000934579	0.001869159	0	0	0	0	0	0.000934579	0.000934579	0	0.003738318	0.002803738	0.004672897	0.006542056	0.001869159	0.003738318	0.001869159	0.010280374	0.005607477	0.003738318	0.001869159	0.002803738	0.004672897	0.009345794	0.003738318
Unassigned	0	0	0	0	0	0	0	0.000934579	0.001869159	0	0	0.000934579	0	0	0	0	0	0	0	0	0	0.000934579	0	0.000934579	0.001869159	0.001869159	0.001869159	0	0	0	0	0	0.000934579	0.001869159	0.003738318	0.003738318	0.004672897	0.002803738	0.002803738	0.000934579	0.000934579	0.001869159	0	0	0	0	0	0	0	0	0	0	0	0	0	0	0	0	0	0
Uncultured Deltaproteobacteria (BIrii41)	0	0.009345794	0.003738318	0	0.004672897	0.008411215	0.006542056	0.003738318	0.000934579	0.006542056	0.009345794	0.005607477	0.004672897	0.008411215	0.003738318	0.008411215	0.011214953	0.005607477	0.027102804	0	0	0	0.005607477	0.000934579	0.002803738	0.003738318	0.003738318	0	0	0	0	0	0	0	0	0	0	0	0	0	0	0	0	0	0	0	0	0	0	0	0	0	0	0	0	0	0	0	0	0
Paucibacter2	0	0	0	0	0	0.004672897	0	0.000934579	0	0.000934579	0	0	0.000934579	0	0	0.000934579	0	0	0.000934579	0	0	0.005607477	0.008411215	0.006542056	0.005607477	0.007476636	0.011214953	0.002803738	0	0	0	0	0	0.005607477	0.008411215	0.000934579	0.001869159	0.001869159	0.001869159	0.001869159	0.004672897	0	0	0	0	0	0	0	0	0	0	0	0	0	0	0	0.011214953	0	0	0
Flavisolibacter	0	0	0	0	0	0	0	0	0	0	0	0	0	0	0	0	0	0	0	0	0	0	0	0	0	0	0	0	0	0	0	0	0	0.003738318	0.002803738	0.003738318	0.005607477	0.002803738	0.002803738	0.004672897	0.009345794	0.002803738	0	0	0	0	0	0.007476636	0	0	0.002803738	0	0.003738318	0	0.002803738	0.003738318	0	0	0.007476636	0.000934579
Caulobacter	0	0	0.002803738	0	0.000934579	0.001869159	0	0	0	0.000934579	0	0.001869159	0	0	0	0.002803738	0	0.002803738	0	0	0	0	0	0	0	0	0	0	0	0	0	0	0	0.004672897	0.006542056	0.000934579	0.005607477	0.001869159	0.008411215	0.002803738	0.010280374	0.004672897	0	0.014953271	0.012149533	0	0	0	0	0	0	0	0	0.000934579	0	0	0.002803738	0	0	0
Uncultured Gemmatimonadaceae2	0.002803738	0.001869159	0.001869159	0	0.000934579	0.000934579	0.000934579	0.000934579	0.000934579	0.000934579	0.001869159	0.000934579	0	0.004672897	0	0	0	0.008411215	0.003738318	0	0	0	0.001869159	0.003738318	0.001869159	0.001869159	0.002803738	0	0	0	0	0	0	0	0	0	0	0	0	0	0	0	0	0	0	0	0	0	0	0	0	0	0	0	0	0	0	0	0	0
Udaeobacter	0	0	0	0	0	0	0	0	0.000934579	0	0	0	0	0	0	0	0	0	0	0	0.000934579	0	0	0	0.000934579	0.001869159	0.001869159	0	0	0	0	0	0	0	0	0	0	0	0.000934579	0	0	0	0.000934579	0	0	0.000934579	0	0.000934579	0.000934579	0	0.001869159	0.005607477	0	0.003738318	0.001869159	0	0.003738318	0.001869159	0.004672897	0.005607477
Anaeromyxobacter	0	0	0	0	0	0	0	0	0	0	0	0	0	0	0.000934579	0	0	0	0	0	0	0	0	0	0	0	0	0	0	0	0	0	0	0.002803738	0.000934579	0.000934579	0	0.002803738	0.001869159	0	0.003738318	0.004672897	0	0.003738318	0.001869159	0.001869159	0	0.000934579	0.001869159	0.003738318	0	0.012149533	0.019626168	0.005607477	0.005607477	0.010280374	0.009345794	0.002803738	0.003738318	0.012149533
Flavitalea	0.004672897	0	0.001869159	0	0.003738318	0.002803738	0.004672897	0.000934579	0.001869159	0.000934579	0.004672897	0.003738318	0.001869159	0.003738318	0	0.001869159	0	0	0	0	0	0.004672897	0.000934579	0.001869159	0.000934579	0	0.000934579	0.000934579	0	0	0	0.008411215	0	0.001869159	0.010280374	0.000934579	0.006542056	0.001869159	0.002803738	0.006542056	0.005607477	0.004672897	0	0	0	0	0	0	0	0	0	0.000934579	0	0	0	0	0	0	0	0
Uncultured Sordariomycetes	0.005607477	0.003738318	0.003738318	0	0.005607477	0.003738318	0.000934579	0.001869159	0.002803738	0.005607477	0.007476636	0.005607477	0	0	0	0	0	0	0.001869159	0	0.010280374	0	0	0	0	0	0	0.006542056	0	0	0.01682243	0	0	0	0	0	0	0	0	0	0	0	0	0	0	0	0	0	0	0	0	0	0	0	0	0.002803738	0	0	0	0
Paraburkholderia	0	0	0	0	0	0	0	0	0	0	0	0	0	0	0	0	0	0	0	0	0	0	0	0	0.000934579	0	0.001869159	0.228971963	0.364485981	0.378504673	0.248598131	0.085981308	0	0	0	0	0	0	0	0	0	0	0	0	0	0.000934579	0.010280374	0.001869159	0	0.010280374	0.000934579	0	0.002803738	0.004672897	0.001869159	0.005607477	0.007476636	0.003738318	0	0
Ralstonia	0	0	0	0	0	0	0	0	0	0	0	0	0	0	0	0	0	0	0	0	0	0	0	0	0	0	0	0	0	0	0	0	0	0.002803738	0.008411215	0.000934579	0.006542056	0.008411215	0.000934579	0.004672897	0.008411215	0.006542056	0.04953271	0.064485981	0.000934579	0.045794393	0.017757009	0.018691589	0.019626168	0.007476636	0.017757009	0	0.003738318	0.000934579	0.002803738	0.005607477	0	0.002803738	0	0
Uncultured Chaetomiaceae	0.001869159	0	0.004672897	0	0	0	0	0	0	0	0	0.002803738	0	0	0	0	0	0	0	0	0	0	0	0	0	0	0	0	0	0	0	0	0	0	0	0	0	0	0	0	0	0	0.000934579	0.002803738	0.000934579	0.002803738	0.000934579	0.000934579	0	0.002803738	0.002803738	0.007476636	0.003738318	0.006542056	0	0.004672897	0.001869159	0.005607477	0.002803738	0
Pythium	0.024299065	0.03271028	0.013084112	0	0.008411215	0.021495327	0.005607477	0.005607477	0.014953271	0	0.012149533	0.005607477	0.001869159	0	0	0	0	0	0.007476636	0	0	0	0.008411215	0.002803738	0.006542056	0.014953271	0.011214953	0.01682243	0	0.014953271	0	0	0	0	0	0	0	0	0	0	0	0	0	0	0	0	0	0	0	0	0	0	0	0	0	0	0	0	0	0
Flavisolibacter2	0	0.001869159	0.002803738	0	0.006542056	0.002803738	0.006542056	0.000934579	0.005607477	0.005607477	0.006542056	0.004672897	0.006542056	0.006542056	0.004672897	0	0.007476636	0	0.004672897	0	0	0.014953271	0	0.001869159	0.001869159	0.000934579	0.001869159	0	0	0	0	0	0.006542056	0	0	0	0	0	0	0	0	0	0	0	0	0	0	0	0	0	0	0	0	0	0	0	0	0	0	0
Pythium2	0	0	0	0	0	0	0	0.000934579	0	0	0.000934579	0	0	0.001869159	0.001869159	0	0.005607477	0	0	0.002803738	0.013084112	0	0	0	0	0	0	0	0	0	0	0.007476636	0	0	0	0	0	0	0	0	0	0	0.007476636	0.027102804	0.011214953	0.017757009	0.014018692	0.002803738	0.012149533	0.005607477	0.007476636	0.004672897	0.002803738	0	0.002803738	0.006542056	0	0.005607477	0.001869159	0.004672897
Bacillus	0.037383178	0.001869159	0.006542056	0	0.010280374	0.004672897	0	0	0.002803738	0.002803738	0	0	0	0	0	0	0	0	0	0	0	0	0	0	0	0	0	0	0	0	0	0	0	0	0	0	0	0	0	0	0	0	0.006542056	0.003738318	0.006542056	0.002803738	0.002803738	0.000934579	0.001869159	0.009345794	0.004672897	0.007476636	0.005607477	0.004672897	0.004672897	0	0.005607477	0.003738318	0.023364486	0.006542056
Uncultured Limnofilidae	0	0	0	0	0	0	0	0	0	0	0	0	0	0	0	0	0	0	0	0	0	0	0	0	0	0	0.001869159	0	0	0	0	0	0.004672897	0	0	0	0	0	0	0	0	0	0	0.000934579	0	0.002803738	0.003738318	0.003738318	0.002803738	0.001869159	0	0.003738318	0.003738318	0	0.007476636	0.001869159	0.001869159	0.004672897	0.004672897	0.001869159
Flavisolibacter3	0	0	0	0.014953271	0	0	0	0	0	0	0	0	0	0	0	0	0	0	0	0	0	0	0	0	0	0	0	0	0	0	0	0	0	0.004672897	0.002803738	0	0.000934579	0	0.001869159	0.004672897	0.002803738	0.000934579	0.007476636	0.008411215	0.011214953	0.010280374	0.011214953	0.008411215	0.010280374	0.006542056	0.010280374	0.014018692	0.002803738	0.009345794	0.011214953	0	0.012149533	0.004672897	0.009345794	0.002803738
Uncultured Davidiellaceae	0	0.000934579	0.000934579	0.088785047	0	0	0	0	0	0	0	0.007476636	0	0.040186916	0.044859813	0	0.104672897	0.11588785	0.005607477	0.05046729	0.030841121	0	0.001869159	0.000934579	0	0	0.000934579	0	0	0.042056075	0.081308411	0.097196262	0	0	0	0	0	0	0	0	0	0	0	0	0	0	0	0	0	0	0	0.000934579	0	0	0	0.003738318	0	0	0	0
Uncultured Pterocystidae	0	0	0	0	0	0	0	0	0	0	0	0	0	0	0	0	0	0	0	0	0	0	0	0	0	0	0	0	0	0	0	0	0	0	0	0	0	0	0	0	0	0	0.001869159	0.005607477	0.000934579	0.006542056	0.000934579	0.003738318	0.006542056	0.003738318	0.006542056	0.002803738	0.001869159	0.002803738	0.002803738	0	0.001869159	0.004672897	0.002803738	0.001869159
Ripidomyxa	0.001869159	0	0.007476636	0	0.004672897	0.008411215	0	0	0	0	0	0.000934579	0.000934579	0	0.003738318	0	0	0.002803738	0	0	0	0.001869159	0.001869159	0	0.002803738	0.002803738	0.004672897	0	0	0	0	0	0	0	0	0	0	0	0	0	0	0	0	0	0.000934579	0	0	0	0.002803738	0.003738318	0	0	0	0	0	0.000934579	0	0	0.002803738	0
Massilia	0	0	0.001869159	0	0	0	0.000934579	0.000934579	0	0.000934579	0	0	0	0	0.000934579	0	0	0	0	0	0	0	0	0	0	0	0	0.001869159	0	0	0	0	0.008411215	0	0	0	0	0	0.003738318	0.001869159	0	0.001869159	0.002803738	0.020560748	0.025233645	0	0	0	0.007476636	0.01588785	0.011214953	0.004672897	0.007476636	0.006542056	0.003738318	0.014018692	0	0.009345794	0.001869159	0.009345794
Spongomonas	0	0	0	0	0	0	0	0	0	0	0	0	0	0	0	0	0	0	0	0	0.008411215	0	0	0	0	0	0	0	0	0	0	0	0	0	0.001869159	0	0	0	0	0.001869159	0.001869159	0	0.000934579	0.002803738	0.000934579	0.000934579	0.006542056	0.008411215	0.003738318	0.002803738	0.009345794	0.002803738	0	0.000934579	0	0.003738318	0.001869159	0.002803738	0	0
Uncultured Dothideomycetes	0.005607477	0.006542056	0	0.034579439	0	0	0.004672897	0.001869159	0.008411215	0.002803738	0.002803738	0.003738318	0.009345794	0.009345794	0.014018692	0	0	0	0.004672897	0	0	0	0.004672897	0.005607477	0	0.003738318	0.002803738	0	0	0	0.03364486	0	0	0.009345794	0.028971963	0.013084112	0.01682243	0.027102804	0.012149533	0.008411215	0.003738318	0.027102804	0	0	0	0	0	0	0	0	0	0	0	0	0	0	0	0	0.004672897	0
Uncultured Thermoleophilia	0.000934579	0.004672897	0.004672897	0	0	0.004672897	0.000934579	0	0	0.001869159	0.001869159	0.000934579	0	0	0	0	0	0	0.000934579	0	0	0.007476636	0.013084112	0.006542056	0.007476636	0.009345794	0.008411215	0.003738318	0	0.000934579	0	0	0	0	0	0	0	0	0	0	0	0	0	0	0	0	0	0	0	0	0	0	0	0	0	0	0	0	0	0
Piscinibacter	0	0	0	0	0.000934579	0.001869159	0	0	0	0	0	0.004672897	0	0	0	0.001869159	0	0	0	0	0	0	0.007476636	0.001869159	0	0.004672897	0.008411215	0	0	0	0	0	0	0	0	0	0	0	0	0	0	0	0	0	0	0	0	0	0	0	0	0.007476636	0.004672897	0.005607477	0.010280374	0.003738318	0.003738318	0.012149533	0.002803738	0.011214953
Allapsidae2 (Group-Te)	0	0	0.003738318	0	0.008411215	0.005607477	0	0	0	0	0	0.001869159	0	0	0	0.001869159	0	0	0.014018692	0	0	0	0	0	0	0	0	0	0	0	0	0	0.053271028	0.051401869	0.054205607	0.036448598	0.060747664	0.057943925	0.126168224	0.158878505	0.16728972	0.142056075	0	0	0	0	0	0	0	0	0	0.006542056	0.005607477	0.011214953	0.024299065	0.009345794	0.010280374	0.013084112	0.007476636	0.005607477
Lacunisphaera	0.000934579	0.003738318	0.004672897	0	0.004672897	0.001869159	0.002803738	0.005607477	0	0.005607477	0.006542056	0.000934579	0.002803738	0.001869159	0.002803738	0	0	0.005607477	0.006542056	0	0	0	0.002803738	0	0.002803738	0	0.004672897	0	0	0	0	0	0	0	0	0	0	0	0	0	0	0	0	0	0	0	0	0	0	0	0	0	0	0	0	0	0	0	0.002803738	0
Caenimonas	0.001869159	0.000934579	0.001869159	0	0.000934579	0.003738318	0	0.002803738	0	0	0	0	0	0	0	0	0	0	0	0	0	0	0.010280374	0.012149533	0.003738318	0.003738318	0.004672897	0.003738318	0	0	0	0	0	0	0	0	0	0	0	0	0	0	0	0.000934579	0	0	0	0	0.000934579	0	0.003738318	0.002803738	0.003738318	0.001869159	0.002803738	0.002803738	0.005607477	0.003738318	0.003738318	0.003738318
Uncultured Plectosphaerellaceae	0.004672897	0.002803738	0.001869159	0	0.005607477	0.003738318	0	0	0	0.001869159	0	0	0	0	0.002803738	0.001869159	0	0.006542056	0.019626168	0	0	0.002803738	0.006542056	0.007476636	0.007476636	0.013084112	0.006542056	0	0	0	0	0	0	0	0	0	0	0	0	0	0	0	0	0	0	0	0	0	0	0	0	0	0	0	0	0	0	0	0	0
Ideonella	0.000934579	0.005607477	0.008411215	0	0.006542056	0.008411215	0.003738318	0.003738318	0.006542056	0.005607477	0.011214953	0.002803738	0.001869159	0	0.009345794	0.003738318	0	0	0.006542056	0	0	0.001869159	0.007476636	0.012149533	0.008411215	0.006542056	0.005607477	0.002803738	0	0	0.009345794	0	0	0	0	0	0	0	0	0	0	0	0	0	0	0	0	0	0	0	0	0	0	0	0	0	0	0	0	0
Uncultured Peronosporales	0.01588785	0.036448598	0.106542056	0	0.047663551	0.08411215	0.677570093	0.631775701	0.447663551	0.696261682	0.493457944	0.206542056	0.714018692	0.155140187	0.128037383	0	0.026168224	0.013084112	0	0.011214953	0	0.114953271	0.000934579	0	0	0	0.099065421	0	0	0	0.03271028	0	0.010280374	0	0	0.006542056	0	0	0	0	0	0	0	0	0	0	0	0	0	0	0	0	0	0	0	0	0	0	0	0
Uncultured Chitinophagaceae	0	0.002803738	0	0	0.001869159	0.003738318	0.000934579	0.004672897	0.001869159	0.003738318	0.002803738	0.006542056	0.006542056	0	0	0	0.003738318	0	0.009345794	0	0	0.000934579	0.002803738	0.006542056	0.003738318	0.005607477	0.001869159	0.000934579	0	0	0	0	0	0	0	0	0	0	0	0	0	0	0	0	0	0	0	0	0	0	0	0	0	0	0	0	0	0	0	0
Massilia2	0.004672897	0.003738318	0.009345794	0.006542056	0.014018692	0.008411215	0.014018692	0.026168224	0.013084112	0.021495327	0.018691589	0.019626168	0.011214953	0.037383178	0.01588785	0.000934579	0.009345794	0.019626168	0.004672897	0	0.002803738	0	0.007476636	0.002803738	0.006542056	0.005607477	0.008411215	0	0	0.001869159	0	0	0	0	0	0	0	0	0	0	0.001869159	0	0	0.004672897	0	0	0	0	0	0	0	0	0.000934579	0	0	0	0	0	0	0
Rhizophlyctis	0.042990654	0.003738318	0.004672897	0	0.001869159	0.001869159	0.002803738	0	0.000934579	0	0	0.003738318	0.000934579	0	0	0.005607477	0	0	0.000934579	0	0	0.003738318	0.001869159	0.001869159	0.002803738	0.001869159	0	0	0	0	0	0.008411215	0	0	0	0	0.023364486	0.009345794	0	0.008411215	0.002803738	0.01588785	0.009345794	0	0	0.01588785	0	0	0.001869159	0	0	0	0.001869159	0	0	0	0	0	0	0
Uncultured Acidobacteria (Subgroup 11)	0.002803738	0.002803738	0.000934579	0	0.000934579	0.003738318	0.000934579	0.001869159	0.001869159	0.000934579	0.000934579	0	0	0	0	0	0.000934579	0	0	0	0	0.004672897	0.002803738	0.000934579	0	0.000934579	0.001869159	0	0	0	0	0	0	0	0	0	0	0	0	0	0	0	0	0	0	0	0	0	0	0	0	0	0	0	0	0	0	0	0	0
Orciraptor agilis	0	0	0	0	0	0	0	0	0	0	0	0	0	0	0	0	0	0	0	0	0	0	0	0	0	0	0	0	0	0	0	0	0	0.014953271	0.046728972	0.01588785	0.034579439	0.01588785	0.021495327	0.017757009	0.018691589	0.013084112	0.010280374	0.007476636	0.008411215	0.008411215	0.006542056	0.005607477	0.034579439	0.042056075	0.014018692	0	0	0	0	0	0	0	0	0
Steroidobacter	0.005607477	0.003738318	0.002803738	0	0	0.004672897	0	0	0.002803738	0	0	0	0	0	0.000934579	0.000934579	0	0	0.002803738	0	0	0.001869159	0.002803738	0.006542056	0.000934579	0.003738318	0.004672897	0.001869159	0	0	0	0	0.002803738	0	0	0	0	0	0	0	0	0	0	0	0	0	0	0	0	0	0	0.001869159	0	0	0	0	0	0	0.000934579	0
Rhogostoma	0.000934579	0.009345794	0.01588785	0	0.009345794	0.022429907	0.000934579	0.003738318	0.002803738	0.004672897	0.003738318	0.009345794	0.007476636	0.004672897	0	0	0	0	0.007476636	0	0.010280374	0.008411215	0.010280374	0.018691589	0.01682243	0.012149533	0.018691589	0	0	0	0	0	0	0	0	0	0	0	0	0	0	0	0	0	0	0	0	0	0.002803738	0	0	0	0	0	0	0	0	0	0	0
Sorangium cellulosum	0.000934579	0.005607477	0.001869159	0	0.009345794	0.014018692	0.001869159	0.006542056	0.001869159	0.005607477	0.003738318	0.000934579	0.002803738	0.005607477	0.001869159	0.009345794	0.005607477	0	0.017757009	0	0	0	0	0	0	0	0	0	0.008411215	0	0	0	0	0	0	0	0	0	0	0	0	0	0	0	0	0	0	0	0	0	0	0	0	0	0	0	0	0	0	0
Phenylobacterium	0.000934579	0	0	0	0.001869159	0	0	0	0.002803738	0.000934579	0	0	0	0	0	0	0	0	0	0	0	0.000934579	0.002803738	0.002803738	0.002803738	0	0.000934579	0.001869159	0.001869159	0	0	0	0.007476636	0.004672897	0.012149533	0.002803738	0.003738318	0.004672897	0.007476636	0.005607477	0.001869159	0.007476636	0	0.001869159	0.000934579	0.005607477	0	0	0	0.001869159	0.000934579	0.003738318	0.003738318	0.002803738	0.005607477	0	0.003738318	0.003738318	0.003738318	0.005607477
Tetracladium setigerum	0.002803738	0.001869159	0.000934579	0	0	0.003738318	0	0.002803738	0.004672897	0.002803738	0.001869159	0.000934579	0.001869159	0	0	0.000934579	0	0	0.007476636	0	0	0.023364486	0.055140187	0.021495327	0.058878505	0.026168224	0.040186916	0.025233645	0	0	0	0	0	0	0	0	0	0	0	0	0	0	0	0	0	0	0	0	0	0	0	0	0	0	0	0	0	0	0	0
Cryptococcus	0.127102804	0.165420561	0.203738318	0	0.138317757	0.117757009	0.017757009	0.012149533	0.052336449	0.018691589	0.023364486	0.08317757	0.026168224	0.024299065	0.028037383	0.004672897	0	0	0.019626168	0.012149533	0	0.003738318	0.011214953	0.022429907	0.006542056	0.012149533	0.004672897	0.009345794	0	0	0	0	0	0	0	0	0	0.003738318	0	0	0	0	0	0	0	0	0	0	0	0	0	0	0	0	0	0.002803738	0	0	0	0
Asticcacaulis	0	0	0.002803738	0	0.000934579	0.005607477	0.000934579	0.003738318	0.002803738	0.007476636	0.006542056	0.001869159	0.004672897	0.004672897	0.003738318	0.004672897	0	0	0.014018692	0	0	0.000934579	0.001869159	0.000934579	0.001869159	0.002803738	0.003738318	0.000934579	0	0	0	0	0	0	0.002803738	0	0	0	0	0	0.002803738	0	0	0.019626168	0	0	0	0	0	0.003738318	0	0.000934579	0	0	0	0	0	0	0	0
Rhizobium	0	0.000934579	0	0	0.001869159	0.000934579	0	0.000934579	0	0.002803738	0.002803738	0	0.002803738	0.001869159	0	0.001869159	0	0	0.007476636	0	0	0	0.003738318	0.004672897	0.000934579	0.002803738	0	0	0	0	0	0	0	0	0.001869159	0	0.000934579	0	0	0	0	0.001869159	0	0	0	0	0	0	0	0	0	0	0	0	0	0	0	0	0	0
Caulobacter2	0	0.004672897	0	0.001869159	0	0.003738318	0	0	0.001869159	0.001869159	0	0	0.001869159	0	0	0.001869159	0.007476636	0	0.003738318	0	0.007476636	0	0.000934579	0.001869159	0.000934579	0.001869159	0.000934579	0	0	0	0	0.011214953	0	0	0	0	0	0	0	0	0	0	0.000934579	0.001869159	0	0	0	0	0	0	0	0	0	0	0	0	0	0	0	0
Thaumatomonas	0.000934579	0.003738318	0.008411215	0	0.003738318	0.009345794	0.005607477	0.004672897	0.000934579	0.004672897	0.001869159	0.006542056	0.002803738	0.013084112	0.009345794	0	0	0.000934579	0.003738318	0	0	0.000934579	0	0	0	0	0	0	0	0	0	0	0	0.002803738	0.009345794	0.001869159	0.009345794	0.003738318	0.014953271	0.022429907	0.018691589	0.008411215	0	0.001869159	0	0	0	0	0.000934579	0	0	0	0	0	0	0	0	0	0	0
Uncultured Sordariomycetes2	0.006542056	0.008411215	0.009345794	0	0.009345794	0.009345794	0	0	0	0	0.008411215	0.003738318	0	0	0	0.01588785	0	0	0.03271028	0	0	0.003738318	0.025233645	0.03364486	0.025233645	0.021495327	0.010280374	0.010280374	0	0	0	0.031775701	0	0	0	0	0	0	0	0	0	0	0	0	0	0	0.01588785	0	0	0	0	0.002803738	0.006542056	0.002803738	0.014953271	0.005607477	0.007476636	0.005607477	0.004672897	0.008411215
Uncultured Chytridiomycotina	0.006542056	0.001869159	0.002803738	0	0.013084112	0.000934579	0	0	0	0	0.003738318	0	0	0	0.006542056	0.019626168	0.006542056	0.012149533	0.040186916	0	0	0.003738318	0.014018692	0	0	0.008411215	0.001869159	0	0	0	0	0	0	0	0	0	0	0	0.014018692	0	0	0	0	0	0	0	0	0	0	0	0	0	0	0	0	0	0	0	0	0
Fusarium	0.009345794	0.010280374	0.013084112	0	0.014953271	0.014953271	0.000934579	0.000934579	0.019626168	0.000934579	0.002803738	0.006542056	0.002803738	0.009345794	0.003738318	0.163551402	0.168224299	0	0.029906542	0	0	0	0.009345794	0.004672897	0.012149533	0.01588785	0.004672897	0.034579439	0	0	0	0	0	0	0	0	0	0	0	0	0	0	0	0	0	0	0	0	0	0	0	0	0	0	0	0	0	0	0	0
Uncultured Chitinophagaceae2	0	0	0	0	0	0	0	0	0	0	0	0	0	0	0	0	0	0	0	0	0	0	0	0	0	0	0	0	0	0	0	0	0	0	0	0.000934579	0.000934579	0.000934579	0	0	0	0	0.000934579	0	0.011214953	0.01588785	0.007476636	0.004672897	0.004672897	0.003738318	0.007476636	0.003738318	0.004672897	0	0.005607477	0	0.011214953	0.002803738	0	0
Exophiala	0.014018692	0.017757009	0.005607477	0	0.009345794	0.007476636	0.002803738	0.002803738	0.006542056	0.002803738	0	0.006542056	0.001869159	0	0	0	0	0	0.006542056	0	0	0.007476636	0.003738318	0.007476636	0.009345794	0.01588785	0.007476636	0.029906542	0	0	0	0	0	0	0	0	0	0	0	0	0	0	0.004672897	0.002803738	0.001869159	0.003738318	0.002803738	0.005607477	0.002803738	0.004672897	0.002803738	0.002803738	0.003738318	0.003738318	0.001869159	0.003738318	0.004672897	0.004672897	0.006542056	0.003738318
Aspergillus	0	0	0	0	0	0	0	0	0	0	0	0	0	0	0	0	0	0	0.004672897	0	0	0	0.007476636	0	0	0.005607477	0.003738318	0	0	0	0	0	0	0	0	0	0	0.001869159	0.003738318	0.000934579	0.003738318	0	0.007476636	0.009345794	0.004672897	0	0	0.000934579	0.006542056	0.012149533	0.008411215	0	0.003738318	0.002803738	0	0	0.003738318	0.002803738	0	0
Uncultured Nitrosomonadaceae (IS-44)	0	0	0	0	0	0	0	0	0	0	0	0	0	0.001869159	0	0	0	0	0	0	0	0	0	0	0	0	0	0	0	0	0	0	0	0	0	0	0	0	0	0	0	0	0	0	0	0.000934579	0.002803738	0.001869159	0.002803738	0.001869159	0.002803738	0.008411215	0.007476636	0.005607477	0.007476636	0.003738318	0.007476636	0.008411215	0.023364486	0.011214953
Eocercomonas	0.000934579	0	0.000934579	0	0	0	0	0	0	0	0	0.000934579	0	0	0	0	0	0	0	0	0	0.000934579	0	0.001869159	0.000934579	0.001869159	0.001869159	0	0	0	0	0	0.010280374	0.005607477	0.003738318	0	0	0	0.003738318	0.002803738	0.007476636	0.004672897	0.005607477	0	0.002803738	0.003738318	0.002803738	0.002803738	0.001869159	0.000934579	0.004672897	0.000934579	0.000934579	0.007476636	0.005607477	0.000934579	0.000934579	0.003738318	0.001869159	0.000934579
Ohtaekwangia	0	0.001869159	0.000934579	0.003738318	0.006542056	0.001869159	0.005607477	0.002803738	0.003738318	0.001869159	0.003738318	0.002803738	0.003738318	0	0	0	0	0	0	0	0	0.004672897	0	0.000934579	0.000934579	0	0.000934579	0.004672897	0	0	0	0	0	0	0	0	0	0	0	0	0	0	0	0	0	0	0	0	0	0	0	0	0	0	0	0	0	0	0	0
Nitrososphaera	0.009345794	0.001869159	0.004672897	0	0.000934579	0.002803738	0.000934579	0	0.003738318	0.004672897	0.003738318	0.002803738	0.001869159	0	0	0.000934579	0	0.002803738	0.005607477	0	0	0.004672897	0.000934579	0.001869159	0.002803738	0.000934579	0	0.001869159	0	0	0	0	0	0	0	0	0	0	0	0	0	0	0	0	0	0	0	0	0	0	0	0	0	0	0	0	0	0	0	0
Flavobacterium	0.002803738	0.002803738	0.008411215	0	0.013084112	0.006542056	0.070093458	0.073831776	0.098130841	0.126168224	0.122429907	0.111214953	0.057009346	0.072897196	0.017757009	0	0	0.024299065	0	0	0	0.008411215	0	0	0	0	0	0.008411215	0.005607477	0.006542056	0	0.030841121	0.002803738	0	0	0	0	0	0	0	0	0	0	0	0	0	0	0	0	0	0	0	0	0	0	0	0	0	0	0
Cellvibrio	0.001869159	0.011214953	0.004672897	0	0.004672897	0.006542056	0.020560748	0.01588785	0.014018692	0.036448598	0.014018692	0.011214953	0.013084112	0.011214953	0.022429907	0.004672897	0	0	0.003738318	0	0.002803738	0.004672897	0.000934579	0	0	0	0.003738318	0.002803738	0	0	0	0	0	0	0	0	0	0	0	0	0	0	0	0	0	0	0	0	0	0	0	0	0	0	0	0	0	0	0	0
Paucibacter3	0	0.000934579	0.003738318	0	0.002803738	0.001869159	0	0.001869159	0.001869159	0.001869159	0.002803738	0.000934579	0	0	0.007476636	0.004672897	0.008411215	0	0.018691589	0	0	0	0.002803738	0	0	0	0	0	0	0	0	0	0	0.004672897	0.009345794	0.001869159	0.003738318	0.009345794	0.001869159	0.007476636	0.005607477	0.000934579	0	0	0.001869159	0	0.002803738	0.002803738	0	0.002803738	0.010280374	0.004672897	0.001869159	0.009345794	0.005607477	0.017757009	0.003738318	0.008411215	0.014018692	0.005607477
Thermomonas	0.007476636	0.010280374	0.008411215	0	0.002803738	0.004672897	0.001869159	0.002803738	0.001869159	0.002803738	0.005607477	0.002803738	0.001869159	0.001869159	0.007476636	0.001869159	0	0	0.003738318	0	0	0.007476636	0.013084112	0.003738318	0.007476636	0.008411215	0.009345794	0.007476636	0	0	0	0	0	0	0	0	0	0	0	0	0	0	0	0	0	0	0	0	0	0	0	0	0	0	0	0	0	0	0	0
Mucilaginibacter	0	0	0	0	0	0	0	0	0	0	0	0	0	0	0	0	0	0	0	0	0	0	0	0	0	0	0	0	0	0	0	0	0	0	0	0	0	0	0	0	0	0	0.01588785	0.005607477	0.004672897	0.010280374	0.001869159	0.000934579	0.002803738	0	0.003738318	0.005607477	0.002803738	0.003738318	0.004672897	0.002803738	0.005607477	0.007476636	0.007476636	0.003738318
Cercomonas	0	0	0	0	0	0	0	0	0	0	0	0	0	0	0	0	0	0	0	0	0	0	0	0	0	0	0	0.000934579	0	0	0	0	0.003738318	0.001869159	0.002803738	0.003738318	0	0.006542056	0.003738318	0.004672897	0.006542056	0.009345794	0.014018692	0.044859813	0.003738318	0.002803738	0	0	0.007476636	0.023364486	0.007476636	0.001869159	0	0.000934579	0.000934579	0.004672897	0.003738318	0.000934579	0	0
Uncultured Pleosporales	0.004672897	0.004672897	0.002803738	0	0.009345794	0.006542056	0	0	0	0	0	0.003738318	0	0.003738318	0.017757009	0	0	0	0	0	0	0	0	0	0	0	0	0.021495327	0	0	0	0	0	0.041121495	0	0	0	0.005607477	0	0	0	0	0.005607477	0.013084112	0.010280374	0.01588785	0.008411215	0.007476636	0.006542056	0.006542056	0.020560748	0.012149533	0.011214953	0.006542056	0.020560748	0.03364486	0.019626168	0.017757009	0.014018692	0.006542056
Pelosinus	0	0	0	0	0	0	0	0	0	0	0	0	0	0	0	0.012149533	0.004672897	0	0	0	0	0	0	0	0.003738318	0	0.000934579	0	0	0	0	0	0	0.000934579	0	0.004672897	0.000934579	0.002803738	0	0	0	0.000934579	0	0	0	0	0.001869159	0.002803738	0	0.000934579	0.002803738	0	0.000934579	0.013084112	0	0	0.019626168	0.003738318	0	0.006542056
Rhogostoma2	0	0	0.001869159	0	0.001869159	0.004672897	0	0.001869159	0.002803738	0.002803738	0.001869159	0	0.000934579	0	0.007476636	0	0	0	0	0	0	0.005607477	0.030841121	0.011214953	0.018691589	0.01588785	0.034579439	0.013084112	0	0	0	0	0	0	0	0	0	0	0	0	0	0	0	0	0	0	0	0	0	0	0	0	0	0	0	0	0	0	0	0
Ramlibacter2	0	0	0	0	0	0	0	0	0	0	0	0	0	0	0	0	0	0	0	0	0	0	0	0	0	0	0	0	0	0	0	0	0.028037383	0.011214953	0.014953271	0.008411215	0.014018692	0.008411215	0.005607477	0.012149533	0.013084112	0.013084112	0	0	0	0	0	0	0	0	0	0	0	0.001869159	0.002803738	0.001869159	0.003738318	0.002803738	0	0.005607477
Uncultured Tremellomycetes	0	0	0	0	0	0	0	0	0	0	0	0	0	0	0	0	0	0	0	0	0	0	0	0	0	0	0	0	0	0	0	0	0	0	0	0	0	0.002803738	0	0	0	0.002803738	0.06635514	0.027102804	0.009345794	0.003738318	0.005607477	0.008411215	0.008411215	0.21682243	0.036448598	0.000934579	0.005607477	0.008411215	0.008411215	0	0.008411215	0.007476636	0.017757009	0.002803738
Uncultured Chytridiomycetes	0	0	0	0.014018692	0	0	0	0	0	0	0	0	0	0	0	0	0.000934579	0	0	0.022429907	0.000934579	0	0	0	0	0	0	0	0	0.000934579	0	0	0	0	0	0	0	0	0	0	0	0	0.012149533	0	0.005607477	0	0	0	0	0	0.005607477	0.094392523	0.099065421	0.029906542	0.035514019	0.013084112	0.010280374	0.042990654	0.01682243	0.041121495
Uncultured Pyrinomonadaceae (RB41)	0.004672897	0.005607477	0.004672897	0	0.004672897	0	0	0.000934579	0.000934579	0	0	0.004672897	0.000934579	0	0	0.003738318	0	0	0.005607477	0	0	0.007476636	0.002803738	0.004672897	0.007476636	0.005607477	0.002803738	0.000934579	0	0	0	0	0	0	0	0	0	0	0	0	0	0	0	0	0	0	0	0	0	0	0	0	0	0	0	0	0	0	0	0
Uncultured Sandonidae	0	0	0	0	0	0	0	0	0	0	0	0	0	0	0	0	0	0	0	0	0	0	0	0	0	0	0	0	0	0	0	0	0.004672897	0	0	0	0	0	0	0	0	0	0	0	0	0.012149533	0.009345794	0.009345794	0.020560748	0.004672897	0.017757009	0.013084112	0.009345794	0.021495327	0.011214953	0.007476636	0.010280374	0.011214953	0.009345794	0.003738318
Uncultured Sordariomycetes3	0	0	0	0	0	0	0	0	0	0	0	0	0	0	0	0.009345794	0.008411215	0	0.022429907	0	0	0.003738318	0.01682243	0.004672897	0.001869159	0.002803738	0.000934579	0	0	0	0	0	0	0	0	0	0	0	0	0	0	0	0.006542056	0.029906542	0.011214953	0.023364486	0.012149533	0.01588785	0.017757009	0.01588785	0.035514019	0	0	0.000934579	0.001869159	0.006542056	0.017757009	0.005607477	0.003738318	0.003738318
Methylotenera	0	0.003738318	0.003738318	0	0.007476636	0.001869159	0	0	0	0	0	0	0	0	0	0	0	0	0.000934579	0	0	0.001869159	0.001869159	0.002803738	0.003738318	0.001869159	0.002803738	0.002803738	0	0	0	0	0	0	0.001869159	0	0.000934579	0.002803738	0	0	0	0.000934579	0	0	0	0	0	0	0	0	0	0.008411215	0.002803738	0.003738318	0.004672897	0.005607477	0.001869159	0.004672897	0.005607477	0.006542056
Uncultured Microscillaceae2	0.008411215	0.004672897	0.008411215	0.005607477	0.005607477	0.004672897	0.005607477	0.004672897	0.012149533	0.001869159	0.005607477	0.002803738	0.004672897	0	0	0.001869159	0	0	0.000934579	0	0.004672897	0.007476636	0.002803738	0.001869159	0.002803738	0.000934579	0	0.003738318	0	0	0	0	0	0	0	0	0	0	0	0	0	0	0	0	0	0	0	0	0	0	0	0	0	0	0	0	0	0	0	0
Bionectria	0.003738318	0	0.003738318	0.014018692	0.005607477	0.004672897	0.001869159	0	0.008411215	0.001869159	0.003738318	0.005607477	0	0	0	0.002803738	0	0	0.009345794	0	0	0	0.006542056	0.020560748	0.009345794	0.009345794	0.008411215	0.026168224	0	0.019626168	0	0	0	0	0	0	0	0	0	0	0	0	0.005607477	0.009345794	0.002803738	0	0.025233645	0.057009346	0.101869159	0.041121495	0.021495327	0	0.004672897	0.004672897	0	0	0.014018692	0.008411215	0.010280374	0.001869159
Uncultured Steroidobacteraceae	0.000934579	0.003738318	0.002803738	0	0.001869159	0	0	0	0.000934579	0.001869159	0.001869159	0.002803738	0.002803738	0.002803738	0	0	0	0	0.000934579	0	0.002803738	0.001869159	0.005607477	0.004672897	0.002803738	0.002803738	0.003738318	0.000934579	0	0	0	0	0	0	0	0	0	0	0	0	0	0	0	0	0	0	0	0	0	0	0	0	0	0	0	0	0	0	0	0
Exobasidiomycetes	0	0.008411215	0.003738318	0.402803738	0	0.001869159	0	0	0.000934579	0	0	0.009345794	0	0.178504673	0.089719626	0	0.234579439	0.351401869	0.002803738	0.277570093	0.225233645	0	0	0	0.000934579	0.000934579	0.003738318	0.085981308	0.08411215	0.161682243	0.204672897	0.273831776	0.014953271	0.000934579	0	0	0	0	0	0	0	0	0	0	0	0	0	0	0	0	0	0	0	0	0	0.027102804	0	0	0	0
Monosiga ovata	0	0	0	0	0	0	0	0	0	0	0	0	0	0	0	0	0	0	0	0	0	0.012149533	0.006542056	0.005607477	0.007476636	0.006542056	0.003738318	0.010280374	0	0	0	0	0	0.019626168	0.01588785	0.018691589	0.029906542	0.026168224	0.022429907	0.017757009	0.018691589	0.028971963	0	0	0	0	0	0	0	0	0	0	0.002803738	0.003738318	0.008411215	0.003738318	0.004672897	0.000934579	0	0
Luteolibacter	0	0.000934579	0.004672897	0	0.002803738	0.000934579	0.002803738	0	0.002803738	0	0.000934579	0.003738318	0.009345794	0.006542056	0	0.002803738	0	0	0.002803738	0	0	0.001869159	0.004672897	0.003738318	0.001869159	0.002803738	0.005607477	0.002803738	0	0	0	0	0	0	0	0	0	0	0	0	0	0	0	0	0	0	0	0	0	0	0	0	0	0	0	0	0	0	0	0
Limnofila borokensis	0.000934579	0.006542056	0.000934579	0	0.004672897	0.001869159	0.004672897	0.005607477	0	0.004672897	0.004672897	0.000934579	0.003738318	0	0.004672897	0.001869159	0	0	0.010280374	0	0	0.003738318	0.003738318	0	0	0.000934579	0.000934579	0.002803738	0	0	0	0	0.004672897	0.006542056	0.008411215	0.003738318	0.008411215	0.014018692	0.008411215	0.008411215	0.002803738	0.01588785	0	0	0	0.000934579	0.000934579	0.003738318	0.001869159	0.000934579	0.001869159	0	0	0.005607477	0.003738318	0.012149533	0.002803738	0.006542056	0.000934579	0.000934579
Uncultured Burkholderiaceae2	0.020560748	0.019626168	0.017757009	0	0.007476636	0.006542056	0.002803738	0.001869159	0.008411215	0.002803738	0.007476636	0.003738318	0.004672897	0.005607477	0.005607477	0.005607477	0.004672897	0.006542056	0.007476636	0	0	0.009345794	0.006542056	0.012149533	0.01682243	0.010280374	0.011214953	0.007476636	0	0	0	0	0	0	0	0	0	0	0	0	0	0	0	0	0	0	0	0	0	0	0	0	0	0	0	0	0	0	0	0
Lacibacter	0.000934579	0.005607477	0.005607477	0.004672897	0.008411215	0.013084112	0.008411215	0.008411215	0.003738318	0.003738318	0.005607477	0.004672897	0.006542056	0	0.000934579	0.008411215	0	0.004672897	0.004672897	0	0.000934579	0.005607477	0	0.004672897	0.003738318	0.000934579	0.004672897	0.000934579	0	0	0	0	0	0	0	0	0	0	0	0	0	0	0	0	0	0	0	0	0	0	0	0	0	0	0	0	0	0	0	0
Pythium3	0	0	0	0	0	0	0	0.008411215	0.001869159	0	0.038317757	0	0.000934579	0.01588785	0.023364486	0	0.014018692	0	0	0	0.025233645	0	0	0	0	0	0	0	0	0	0	0	0	0	0	0	0	0	0	0	0	0	0.043925234	0.11682243	0.085046729	0.093457944	0.063551402	0.043925234	0.081308411	0.018691589	0.080373832	0.005607477	0.001869159	0.003738318	0.014018692	0.013084112	0.001869159	0.042056075	0.013084112	0.007476636
Asticcacaulis2	0	0	0	0	0	0	0	0	0	0	0	0	0	0	0	0	0	0	0	0	0	0	0	0	0	0	0	0	0	0	0	0	0	0.002803738	0.003738318	0.000934579	0.001869159	0.000934579	0.002803738	0.002803738	0.000934579	0	0.024299065	0.004672897	0.011214953	0.007476636	0.006542056	0.010280374	0.009345794	0.023364486	0.010280374	0	0	0.000934579	0	0.001869159	0	0	0	0
Blastococcus	0.001869159	0.002803738	0	0	0.002803738	0.002803738	0.001869159	0	0.004672897	0.002803738	0.001869159	0.001869159	0	0.005607477	0	0	0	0	0.002803738	0	0	0.001869159	0.003738318	0.000934579	0	0.001869159	0.001869159	0.000934579	0	0.005607477	0	0	0	0	0	0	0	0	0	0	0	0	0	0.001869159	0.000934579	0.000934579	0.001869159	0.000934579	0.000934579	0	0.001869159	0.001869159	0.005607477	0.001869159	0.005607477	0.000934579	0.000934579	0.003738318	0.002803738	0.002803738
Chytridiomycetes	0	0	0	0.000934579	0	0	0	0	0	0	0	0	0	0	0	0	0.010280374	0	0	0.013084112	0	0	0	0	0	0	0	0	0	0	0	0	0	0	0	0	0	0	0	0	0	0	0.03364486	0.005607477	0.021495327	0.01588785	0.076635514	0.082242991	0.007476636	0.012149533	0.03271028	0.01588785	0	0.010280374	0.045794393	0.014953271	0.03364486	0.018691589	0.012149533	0.019626168
Devosia	0	0	0	0	0.001869159	0	0	0	0	0	0	0	0	0	0	0	0	0	0	0	0	0	0	0	0	0	0	0	0	0	0	0	0	0	0	0	0	0	0	0	0	0	0.010280374	0.001869159	0.006542056	0.001869159	0.007476636	0.004672897	0.005607477	0.012149533	0.004672897	0.013084112	0.003738318	0.002803738	0.003738318	0.005607477	0.011214953	0.008411215	0.011214953	0.004672897
Bradyrhizobium japonicum	0.001869159	0.001869159	0.005607477	0.007476636	0.000934579	0.002803738	0.001869159	0.000934579	0	0.001869159	0.000934579	0.005607477	0.000934579	0.004672897	0.000934579	0.001869159	0.005607477	0	0	0	0	0.003738318	0.007476636	0.002803738	0.004672897	0.002803738	0.001869159	0.002803738	0	0	0	0	0.002803738	0	0	0.000934579	0	0	0	0	0	0	0.006542056	0.007476636	0.008411215	0.008411215	0.009345794	0.014018692	0.004672897	0.005607477	0.007476636	0.014953271	0.01682243	0.010280374	0.013084112	0.009345794	0.017757009	0.006542056	0.012149533	0.009345794
Uncultured Chytridiomycetes2	0	0	0	0.001869159	0	0	0	0	0	0	0	0	0	0.002803738	0	0	0.008411215	0.011214953	0	0.014953271	0.010280374	0	0	0	0	0	0	0	0	0.013084112	0.014018692	0	0	0	0	0	0	0	0	0	0	0	0	0	0.002803738	0	0	0	0	0	0	0.352336449	0.364485981	0.353271028	0.124299065	0.112149533	0.088785047	0.290654206	0.252336449	0.413084112
Uncultured Chitinophagaceae3	0.011214953	0.002803738	0.007476636	0.005607477	0.002803738	0.001869159	0.003738318	0	0.005607477	0.000934579	0.004672897	0.002803738	0.005607477	0.003738318	0.001869159	0.002803738	0.000934579	0	0	0	0	0.000934579	0	0	0	0	0	0.000934579	0	0	0	0	0	0	0	0	0	0	0	0	0	0	0	0	0	0	0	0	0	0	0	0	0	0	0	0	0	0	0	0
Uncultured Chitinophagaceae4	0.001869159	0.005607477	0.004672897	0	0.005607477	0.002803738	0	0.002803738	0.003738318	0.000934579	0	0.001869159	0.002803738	0	0	0	0	0	0	0	0	0.001869159	0.000934579	0.000934579	0.002803738	0.000934579	0.001869159	0	0	0	0	0	0	0	0	0	0	0	0	0	0	0	0	0	0	0	0	0	0	0	0	0	0	0	0	0	0	0	0	0
Variovorax	0	0	0	0	0.000934579	0.000934579	0.000934579	0	0	0	0	0.002803738	0	0.002803738	0	0	0.000934579	0	0.000934579	0	0	0.000934579	0	0.001869159	0.002803738	0	0	0	0	0	0	0	0	0	0	0	0	0	0	0	0	0	0.005607477	0.008411215	0.001869159	0	0	0.000934579	0.001869159	0.002803738	0.000934579	0	0.000934579	0.001869159	0	0	0.000934579	0.001869159	0	0
Uncultured Anaerolineaceae (UTCFX1)	0.004672897	0.003738318	0.002803738	0	0.001869159	0.001869159	0.001869159	0	0.001869159	0.004672897	0	0.000934579	0.006542056	0	0	0	0	0	0.000934579	0	0	0	0.001869159	0.003738318	0.000934579	0.001869159	0	0	0	0	0.013084112	0	0	0	0	0	0	0	0	0	0	0	0	0	0	0	0	0	0	0	0	0	0	0	0	0	0	0	0	0
Streptomyces	0	0	0.000934579	0	0.002803738	0.001869159	0.000934579	0	0	0.000934579	0	0	0.003738318	0	0	0	0	0	0.008411215	0	0	0	0.000934579	0.000934579	0.004672897	0.000934579	0	0	0	0	0	0	0	0	0	0	0	0	0	0	0	0	0	0.001869159	0	0	0	0.001869159	0.001869159	0	0	0	0.000934579	0	0.000934579	0.003738318	0.003738318	0.002803738	0.002803738	0
Fusarium2	0.043925234	0.03271028	0.042990654	0	0.094392523	0.047663551	0.013084112	0.018691589	0.041121495	0.013084112	0.013084112	0.06728972	0.005607477	0.024299065	0.090654206	0.057009346	0.014953271	0	0.053271028	0	0	0.026168224	0.085981308	0.072897196	0.060747664	0.08317757	0.061682243	0.028037383	0	0.017757009	0.026168224	0	0	0.006542056	0.020560748	0.119626168	0	0	0	0.005607477	0.000934579	0	0.014953271	0.082242991	0.020560748	0.019626168	0.11588785	0.110280374	0.017757009	0.03364486	0.074766355	0.018691589	0.025233645	0.024299065	0.014018692	0.01588785	0.034579439	0.024299065	0.024299065	0.008411215
Massilia3	0	0	0	0	0	0	0	0	0	0	0	0	0	0	0	0	0	0	0	0	0	0	0	0	0	0	0	0	0	0	0	0	0	0	0	0	0.000934579	0	0.011214953	0	0.005607477	0	0.023364486	0.019626168	0.011214953	0.008411215	0.008411215	0.021495327	0.044859813	0.01682243	0.014018692	0.010280374	0.007476636	0.004672897	0.009345794	0.005607477	0.006542056	0.009345794	0	0.010280374
Rhogostoma3	0	0	0	0	0	0	0	0	0.000934579	0	0	0	0	0	0	0	0	0	0	0	0	0.002803738	0.000934579	0.003738318	0	0	0.001869159	0	0	0	0	0	0	0.000934579	0.010280374	0.006542056	0.012149533	0.007476636	0.008411215	0.004672897	0.003738318	0.005607477	0.010280374	0.021495327	0.009345794	0.010280374	0.002803738	0.014018692	0.028971963	0.019626168	0.010280374	0	0	0	0	0	0	0	0.007476636	0
Uncultured Chytridiomycetes3	0	0	0	0	0	0	0	0	0	0	0	0	0	0	0.005607477	0	0.011214953	0.011214953	0	0.006542056	0.007476636	0.014018692	0	0	0	0	0	0	0	0.013084112	0	0	0	0	0	0	0	0	0	0	0	0	0.330841121	0.002803738	0.429906542	0.044859813	0.009345794	0.004672897	0.048598131	0.019626168	0.057943925	0.175700935	0.164485981	0.063551402	0.131775701	0.092523364	0.056074766	0.054205607	0.042990654	0.090654206
Arthrobacter	0.006542056	0.001869159	0.001869159	0	0.000934579	0.006542056	0.006542056	0.001869159	0.002803738	0	0.002803738	0.001869159	0.002803738	0.000934579	0	0.001869159	0	0	0.001869159	0	0	0.006542056	0.005607477	0.004672897	0.001869159	0.004672897	0.001869159	0.000934579	0	0	0	0	0	0	0.001869159	0	0.000934579	0.001869159	0	0	0.000934579	0	0.003738318	0.000934579	0.001869159	0	0.001869159	0.003738318	0.001869159	0.000934579	0.000934579	0.010280374	0.009345794	0.007476636	0.006542056	0.005607477	0.006542056	0.009345794	0.001869159	0.003738318
Lacibacter2	0.002803738	0.001869159	0.003738318	0	0.004672897	0.005607477	0.018691589	0.018691589	0.014018692	0.012149533	0.012149533	0.010280374	0.014018692	0.009345794	0.006542056	0.001869159	0.002803738	0	0.002803738	0	0.004672897	0.006542056	0.001869159	0.005607477	0	0.005607477	0.001869159	0.003738318	0	0	0	0	0	0	0	0	0	0	0	0	0	0	0	0	0	0	0	0	0	0	0	0	0	0	0	0	0	0	0	0
Uncultured Sordariomycetes4	0	0	0	0	0	0	0	0	0	0	0	0.007476636	0	0.005607477	0	0.322429907	0.037383178	0.014018692	0.018691589	0	0.035514019	0.081308411	0.048598131	0.044859813	0.054205607	0.102803738	0.010280374	0.023364486	0.340186916	0	0	0	0.004672897	0.01588785	0.003738318	0.068224299	0.028971963	0.04953271	0.001869159	0	0	0.007476636	0	0	0	0	0	0	0	0	0	0	0	0	0	0.009345794	0	0	0	0
Massilia4	0	0	0	0	0	0	0	0	0	0	0	0	0	0	0	0	0	0	0	0	0	0	0	0	0	0	0	0	0.009345794	0	0	0	0.017757009	0.010280374	0.002803738	0.004672897	0.008411215	0.012149533	0.023364486	0.012149533	0.014953271	0.012149533	0.122429907	0.028971963	0.046728972	0.028037383	0.01682243	0.027102804	0.069158879	0.023364486	0.034579439	0.005607477	0.011214953	0.005607477	0.007476636	0.01682243	0.008411215	0.011214953	0	0.012149533
Uncultured Deltaproteobacteria	0.003738318	0.004672897	0.002803738	0	0.002803738	0.002803738	0.003738318	0.002803738	0.002803738	0	0.003738318	0.001869159	0.001869159	0	0.005607477	0.001869159	0	0	0.000934579	0	0	0.002803738	0.000934579	0.001869159	0.002803738	0.002803738	0.001869159	0.002803738	0	0	0	0	0	0	0	0	0	0	0	0	0	0	0	0	0	0	0	0	0	0	0	0	0	0	0	0	0	0	0	0
Noviherbaspirillum	0	0	0	0	0	0	0.001869159	0	0	0.005607477	0	0	0.002803738	0	0.004672897	0	0.000934579	0	0	0	0	0	0	0.002803738	0	0	0	0	0	0	0	0	0.008411215	0.014018692	0.007476636	0.006542056	0.009345794	0.008411215	0.005607477	0.013084112	0.013084112	0.003738318	0.008411215	0.006542056	0.012149533	0.026168224	0.046728972	0.024299065	0.009345794	0.003738318	0.052336449	0.01588785	0.014018692	0.019626168	0.010280374	0.019626168	0.003738318	0.019626168	0.005607477	0.014018692
Spizellomycetales-Rhizophlyctidales	0.018691589	0	0.000934579	0	0	0	0	0	0	0	0	0	0	0	0	0	0	0	0.002803738	0	0	0.009345794	0.013084112	0.011214953	0.006542056	0.004672897	0	0.003738318	0	0	0	0	0	0.014018692	0.037383178	0.036448598	0.028037383	0.025233645	0.012149533	0.010280374	0.014953271	0.036448598	0.002803738	0	0	0	0	0.000934579	0	0	0	0.003738318	0.001869159	0.012149533	0.000934579	0.001869159	0.005607477	0	0	0.001869159
Uncultured Chitinophagaceae5	0.009345794	0.005607477	0.001869159	0	0.004672897	0	0.004672897	0	0.001869159	0.002803738	0.005607477	0.003738318	0.002803738	0	0	0.001869159	0	0	0	0	0.002803738	0.008411215	0	0.007476636	0.001869159	0.001869159	0.002803738	0.006542056	0	0	0	0	0	0	0	0	0	0	0	0	0	0	0	0	0	0	0	0	0	0	0	0	0	0	0	0	0	0	0	0
Uncultured Microscillaceae3	0.011214953	0.009345794	0.014018692	0	0.010280374	0.010280374	0.004672897	0.004672897	0.001869159	0.001869159	0.003738318	0	0.004672897	0.002803738	0.000934579	0	0	0	0.004672897	0	0	0.005607477	0.003738318	0	0.001869159	0.005607477	0.004672897	0.001869159	0	0	0	0	0	0	0	0	0	0	0	0	0	0	0	0	0	0	0	0	0	0	0	0	0	0	0	0	0	0	0	0
Spongomonas2	0	0.000934579	0.002803738	0	0	0	0.002803738	0.006542056	0.000934579	0.005607477	0.005607477	0.000934579	0.003738318	0	0.004672897	0.000934579	0	0.001869159	0	0	0	0.001869159	0.001869159	0	0.002803738	0.002803738	0.010280374	0	0	0	0	0	0	0	0	0	0	0	0	0	0	0	0	0	0	0	0	0	0	0	0	0	0	0	0	0	0	0	0	0
Paracercomonas	0.003738318	0.005607477	0.001869159	0	0.005607477	0.012149533	0.006542056	0.004672897	0.006542056	0.005607477	0.008411215	0.004672897	0.002803738	0.001869159	0.002803738	0.001869159	0	0.007476636	0.017757009	0	0	0.001869159	0	0	0.007476636	0.009345794	0.008411215	0.002803738	0	0	0	0.011214953	0	0	0	0	0	0	0	0	0	0	0	0	0.005607477	0.001869159	0.009345794	0.001869159	0.012149533	0.005607477	0.003738318	0.000934579	0	0.001869159	0.001869159	0.004672897	0.004672897	0.006542056	0.002803738	0.002803738
Uncultured Blastocatellaceae	0.012149533	0.019626168	0.020560748	0	0.010280374	0.002803738	0.002803738	0.012149533	0.013084112	0.005607477	0.012149533	0.001869159	0.007476636	0.004672897	0.002803738	0	0	0	0.000934579	0	0	0.005607477	0.001869159	0.008411215	0.013084112	0.007476636	0.000934579	0.000934579	0	0	0	0	0	0	0	0	0	0	0	0	0	0	0	0	0	0	0	0	0	0	0	0	0	0	0	0	0	0	0	0
Rhogostoma4	0	0.002803738	0.000934579	0	0.004672897	0.002803738	0.004672897	0	0	0	0.003738318	0.004672897	0.003738318	0.014953271	0	0	0	0.009345794	0	0	0	0.011214953	0.05046729	0.021495327	0.022429907	0.018691589	0.021495327	0	0	0	0	0	0	0	0	0	0	0	0	0	0	0	0	0	0	0	0	0	0	0	0	0	0	0	0	0	0	0	0	0
Spizellomycetales-Rhizophlyctidales2	0	0	0	0	0.005607477	0.000934579	0.004672897	0	0	0	0	0.011214953	0	0	0.017757009	0	0	0	0	0	0	0.000934579	0	0.037383178	0	0	0.005607477	0	0	0	0	0	0.000934579	0.006542056	0.010280374	0.007476636	0.008411215	0.01588785	0.008411215	0	0.001869159	0.022429907	0.002803738	0.008411215	0.009345794	0.014018692	0.001869159	0.002803738	0.002803738	0	0.006542056	0	0	0.004672897	0	0	0	0	0	0.002803738
Uncultured Pyrinomonadaceae2 (RB41)	0.010280374	0.010280374	0.007476636	0	0.002803738	0.004672897	0.002803738	0.002803738	0.006542056	0.002803738	0.008411215	0.004672897	0.003738318	0	0	0.000934579	0.004672897	0	0.002803738	0	0	0.001869159	0.000934579	0	0.003738318	0.001869159	0.000934579	0	0	0	0	0	0	0	0	0	0	0	0	0	0	0	0	0	0	0	0	0	0	0	0	0	0	0	0	0	0	0	0	0
Uncultured Chytridiomycetes4	0	0	0	0	0	0	0	0	0	0	0	0	0	0	0	0	0	0	0	0	0	0	0	0	0	0	0	0	0	0	0	0	0	0.006542056	0.004672897	0.007476636	0.006542056	0.003738318	0.005607477	0.001869159	0.003738318	0.007476636	0.002803738	0.005607477	0	0	0	0.001869159	0.009345794	0.003738318	0	0.004672897	0.004672897	0.003738318	0.001869159	0.005607477	0.005607477	0.008411215	0.002803738	0
Phytophthora	0	0	0.004672897	0.058878505	0.006542056	0	0	0.006542056	0	0	0	0.002803738	0.000934579	0.027102804	0.026168224	0.003738318	0.041121495	0.01682243	0.028037383	0.086915888	0.034579439	0	0.007476636	0	0	0	0	0	0	0.1	0.091588785	0.119626168	0	0	0	0	0	0	0	0	0	0	0	0	0	0	0	0	0	0	0	0	0	0	0	0	0	0	0	0
Uncultured Pyrinomonadaceae3 (RB41)	0.007476636	0.004672897	0.001869159	0	0.001869159	0.004672897	0	0	0	0	0	0	0	0	0	0.002803738	0	0.010280374	0.001869159	0	0	0.004672897	0.000934579	0.001869159	0.002803738	0.003738318	0.000934579	0.001869159	0	0.002803738	0	0	0	0	0	0	0	0	0	0	0	0	0	0	0	0	0	0	0	0	0	0	0	0	0	0	0	0	0	0
Cochliobolus	0	0	0	0	0	0	0	0	0	0	0	0	0	0	0	0	0	0	0	0	0	0	0	0	0.002803738	0.000934579	0	0	0	0	0	0	0.021495327	0.008411215	0.005607477	0.005607477	0.003738318	0.008411215	0.006542056	0.004672897	0.000934579	0.004672897	0.000934579	0.002803738	0.005607477	0.004672897	0.000934579	0.004672897	0.001869159	0.001869159	0.004672897	0	0	0.000934579	0	0.002803738	0	0	0.003738318	0
Elegia	0	0.000934579	0.006542056	0.002803738	0.01588785	0.011214953	0.031775701	0.070093458	0.01588785	0.058878505	0.042990654	0.011214953	0.028037383	0.018691589	0.018691589	0	0	0.004672897	0	0	0.011214953	0.004672897	0	0	0	0	0.008411215	0	0	0	0	0	0	0	0	0	0	0	0	0.006542056	0	0	0.011214953	0.027102804	0.020560748	0.019626168	0.009345794	0.003738318	0.013084112	0.007476636	0.017757009	0.002803738	0	0	0.001869159	0	0	0.005607477	0	0.001869159
Hantzschia amphioxys	0.001869159	0.003738318	0.000934579	0	0.003738318	0	0.003738318	0.001869159	0.014018692	0.004672897	0.018691589	0.009345794	0.002803738	0.006542056	0.004672897	0.000934579	0	0.002803738	0	0	0	0.028037383	0.014018692	0.004672897	0.046728972	0.036448598	0.051401869	0.01682243	0	0	0	0	0	0	0	0	0	0.007476636	0	0	0	0	0	0	0	0	0	0	0	0	0	0	0	0	0	0	0	0	0	0
Uncultured Tremellomycetes2	0	0.006542056	0.003738318	0.096261682	0	0	0	0	0.001869159	0	0	0	0	0.019626168	0.034579439	0	0.023364486	0.057009346	0	0.03271028	0.126168224	0	0.001869159	0	0	0.000934579	0.003738318	0.034579439	0.063551402	0.096261682	0.153271028	0.123364486	0.012149533	0	0	0	0	0	0	0	0	0	0	0	0	0	0	0	0	0	0	0	0	0	0	0.008411215	0	0	0	0
Arenimonas	0.000934579	0.001869159	0.001869159	0	0.002803738	0.004672897	0.003738318	0.001869159	0.000934579	0.000934579	0.000934579	0.002803738	0.001869159	0	0.002803738	0	0	0	0.005607477	0	0.007476636	0.003738318	0.005607477	0.002803738	0.004672897	0.004672897	0.003738318	0.001869159	0	0	0	0	0	0	0	0	0	0	0	0	0	0	0	0	0	0	0	0	0	0	0	0	0	0	0	0	0	0	0	0
Niastella koreensis	0	0	0	0	0	0	0	0	0	0	0	0	0	0	0	0	0	0	0	0	0	0	0	0	0	0	0	0	0	0	0	0	0	0	0	0	0	0	0	0.003738318	0	0	0.011214953	0.007476636	0.007476636	0.024299065	0.023364486	0.011214953	0.024299065	0.009345794	0.013084112	0.007476636	0.007476636	0.008411215	0.013084112	0.004672897	0.023364486	0.009345794	0.012149533	0.012149533
Uncultured Gammaproteobacteria	0.003738318	0	0.000934579	0	0.002803738	0.001869159	0	0.001869159	0	0	0	0	0.000934579	0.000934579	0	0.000934579	0	0	0.001869159	0	0	0	0.004672897	0	0.000934579	0.000934579	0.002803738	0	0	0	0	0	0	0	0	0	0	0	0	0	0	0	0	0	0	0	0	0	0	0	0	0.000934579	0	0	0.002803738	0.000934579	0.000934579	0	0	0.004672897
Rhogostoma5	0.008411215	0	0	0	0.006542056	0.006542056	0.004672897	0	0.002803738	0.000934579	0.002803738	0.012149533	0.002803738	0.010280374	0	0.000934579	0	0	0.011214953	0	0	0	0	0	0	0.012149533	0	0	0	0	0	0	0	0	0.008411215	0	0	0	0.003738318	0.008411215	0.003738318	0.008411215	0	0	0	0	0	0	0	0	0	0	0	0	0	0	0	0	0	0
Flavisolibacter4	0.008411215	0.003738318	0.006542056	0	0.003738318	0.003738318	0	0	0	0	0	0.002803738	0	0	0	0.001869159	0	0	0.001869159	0	0	0.001869159	0	0.005607477	0.003738318	0	0	0.004672897	0.009345794	0	0	0	0.061682243	0.008411215	0.004672897	0.003738318	0.004672897	0.005607477	0.014953271	0.013084112	0.008411215	0.006542056	0	0	0	0	0	0	0	0	0.000934579	0	0	0	0.003738318	0	0	0	0	0
Uncultured Nitrososphaeraceae	0.014953271	0.012149533	0.005607477	0	0.001869159	0.004672897	0.004672897	0.001869159	0.003738318	0.001869159	0.004672897	0.000934579	0.013084112	0.006542056	0.001869159	0	0	0	0.000934579	0	0	0.014953271	0.013084112	0.007476636	0.010280374	0.011214953	0.013084112	0.003738318	0	0	0	0	0	0	0	0	0	0	0	0	0	0	0	0	0	0	0	0	0	0	0	0	0	0	0	0	0	0	0	0
Uncultured Burkholderiaceae3	0	0.000934579	0.000934579	0	0.002803738	0.000934579	0	0.000934579	0.002803738	0.002803738	0.002803738	0.001869159	0.001869159	0.003738318	0.000934579	0.002803738	0.000934579	0	0.000934579	0	0	0.001869159	0.002803738	0.006542056	0.001869159	0.007476636	0.000934579	0.000934579	0	0	0	0	0	0	0	0	0	0	0.000934579	0	0	0.000934579	0	0	0	0	0	0	0	0	0	0	0	0	0	0	0	0	0	0
Flavobacterium2	0.004672897	0.006542056	0.012149533	0.020560748	0.014018692	0.004672897	0.152336449	0.017757009	0.058878505	0.01682243	0.034579439	0.03364486	0.097196262	0.03271028	0.007476636	0.004672897	0.019626168	0	0.005607477	0	0	0.012149533	0.000934579	0.004672897	0	0	0.001869159	0.010280374	0	0	0.013084112	0	0	0	0	0	0	0	0	0	0	0	0	0	0	0	0	0	0	0	0	0	0	0	0	0	0	0	0	0
Azospirillum	0	0	0.004672897	0	0	0	0	0	0	0	0	0	0	0	0	0.004672897	0.013084112	0	0	0	0	0	0	0	0	0	0	0	0.005607477	0	0	0	0	0.003738318	0	0.007476636	0.002803738	0.001869159	0.005607477	0.004672897	0.003738318	0.001869159	0	0	0.005607477	0	0	0	0	0	0	0	0	0.037383178	0.002803738	0.05046729	0.005607477	0.035514019	0	0
Uncultured Burkholderiaceae4	0.001869159	0.014953271	0.018691589	0	0.013084112	0.013084112	0.010280374	0.002803738	0.021495327	0.003738318	0.007476636	0.005607477	0.013084112	0.020560748	0.003738318	0.013084112	0.039252336	0.024299065	0.019626168	0	0	0.010280374	0.000934579	0.031775701	0.005607477	0.009345794	0.003738318	0.008411215	0	0	0	0.017757009	0	0	0	0	0	0	0	0	0	0	0	0	0	0	0	0	0	0	0	0	0	0	0	0	0	0	0	0
Uncultured Sandonidae2	0.006542056	0.008411215	0.037383178	0	0.022429907	0.014953271	0.010280374	0.03364486	0.022429907	0.027102804	0.040186916	0.020560748	0.008411215	0.038317757	0.017757009	0	0	0	0.024299065	0	0.005607477	0.014018692	0.036448598	0.031775701	0.056074766	0.023364486	0.027102804	0.010280374	0	0.009345794	0	0.030841121	0	0	0	0	0	0	0	0	0	0	0	0	0	0	0	0	0	0	0	0	0	0	0	0	0	0	0	0
Ramlibacter3	0.000934579	0.000934579	0.001869159	0	0.001869159	0.002803738	0.000934579	0.003738318	0.002803738	0.003738318	0.002803738	0.004672897	0.000934579	0	0.002803738	0.002803738	0	0	0.001869159	0	0	0.002803738	0.003738318	0.000934579	0.001869159	0.006542056	0.003738318	0.002803738	0	0	0	0	0	0	0	0	0	0	0.002803738	0	0.001869159	0	0	0	0	0	0	0	0	0	0	0	0	0	0	0	0	0	0	0
Rubrobacter	0.000934579	0.002803738	0.000934579	0	0.002803738	0.002803738	0.002803738	0	0.005607477	0.000934579	0.001869159	0.000934579	0.002803738	0	0	0	0	0	0.001869159	0	0.001869159	0	0.000934579	0.002803738	0	0.002803738	0.000934579	0.001869159	0	0	0	0	0	0	0	0	0	0	0	0	0	0	0	0	0	0	0	0	0	0	0	0	0	0	0	0	0	0	0	0
Ohtaekwangia2	0.001869159	0.004672897	0.000934579	0	0.004672897	0.002803738	0.000934579	0.002803738	0	0.000934579	0.000934579	0.000934579	0.000934579	0	0	0	0	0	0	0	0	0.004672897	0.003738318	0.000934579	0	0.003738318	0.001869159	0.004672897	0	0	0	0	0	0	0	0	0	0	0	0	0	0	0	0	0	0	0	0	0	0	0	0	0	0	0	0	0	0	0	0
Massilia5	0	0.004672897	0.002803738	0	0.004672897	0.004672897	0.006542056	0.011214953	0.000934579	0.008411215	0.012149533	0.001869159	0.006542056	0.005607477	0.008411215	0.004672897	0.000934579	0	0.006542056	0	0	0	0.002803738	0.001869159	0.000934579	0.005607477	0.003738318	0	0	0	0	0	0	0	0	0	0	0	0	0	0	0	0	0.000934579	0	0	0	0	0	0	0	0.002803738	0.000934579	0	0	0	0	0	0	0
Mortierella	0.353271028	0.33271028	0.258878505	0.040186916	0.219626168	0.157943925	0.065420561	0.046728972	0.188785047	0.040186916	0.106542056	0.173831776	0.081308411	0.077570093	0.074766355	0.007476636	0.027102804	0.009345794	0.057943925	0.002803738	0.042990654	0.123364486	0.093457944	0.121495327	0.137383178	0.13271028	0.055140187	0.127102804	0	0	0	0	0	0.002803738	0	0.001869159	0	0.013084112	0	0	0.002803738	0.000934579	0.014953271	0.025233645	0.013084112	0.017757009	0.004672897	0.005607477	0.021495327	0.014018692	0.012149533	0.034579439	0.011214953	0.021495327	0.024299065	0.027102804	0.011214953	0.040186916	0.028971963	0.011214953
Bicoecaceae	0	0.000934579	0	0	0	0	0.001869159	0.000934579	0	0.000934579	0.000934579	0.000934579	0.000934579	0	0	0.000934579	0	0	0.012149533	0	0	0	0.004672897	0.004672897	0.004672897	0.006542056	0.003738318	0	0	0	0	0	0	0.006542056	0.005607477	0	0.008411215	0.000934579	0.013084112	0.009345794	0.003738318	0.005607477	0	0	0	0	0	0	0	0	0	0	0	0	0	0.003738318	0	0	0	0
Dyadobacter	0.000934579	0	0.002803738	0	0.001869159	0.003738318	0.000934579	0.003738318	0.000934579	0.002803738	0.001869159	0.000934579	0.006542056	0	0	0	0	0	0.000934579	0	0	0.005607477	0.001869159	0.000934579	0	0.000934579	0	0.000934579	0	0	0	0	0	0	0	0	0	0	0	0	0	0	0	0	0	0	0	0	0	0	0	0	0	0	0	0	0	0	0	0
Ramlibacter4	0	0.001869159	0.002803738	0	0.001869159	0.000934579	0	0	0	0	0	0	0	0	0	0.000934579	0	0	0.001869159	0	0	0.000934579	0.002803738	0.001869159	0.007476636	0.010280374	0.007476636	0.001869159	0	0	0	0	0	0.005607477	0.000934579	0	0.002803738	0	0.003738318	0.000934579	0.000934579	0.001869159	0.002803738	0.001869159	0.001869159	0.000934579	0	0.000934579	0.006542056	0.004672897	0	0.012149533	0.006542056	0.006542056	0.002803738	0.005607477	0.009345794	0.011214953	0.006542056	0.009345794
Uncultured Burkholderiaceae5	0	0	0	0	0	0	0	0	0	0	0	0	0	0.001869159	0	0	0	0	0	0	0	0	0	0	0	0	0	0	0	0	0	0	0	0	0	0	0	0.002803738	0	0.004672897	0	0.002803738	0.020560748	0.008411215	0.013084112	0.022429907	0.007476636	0.012149533	0.010280374	0.01682243	0.005607477	0.004672897	0	0.001869159	0	0.000934579	0	0.000934579	0.000934579	0.001869159
Bacillus2	0	0	0	0	0	0	0	0	0	0	0	0	0	0	0	0	0	0	0	0	0	0	0	0	0	0	0	0	0.006542056	0	0	0	0.012149533	0.024299065	0.025233645	0.014018692	0.020560748	0.042056075	0.05046729	0.03364486	0.031775701	0.046728972	0.005607477	0.010280374	0.005607477	0	0.004672897	0	0.004672897	0.000934579	0.002803738	0.003738318	0.008411215	0.003738318	0.001869159	0	0.003738318	0.001869159	0.008411215	0
Uncultured Blastocatellaceae2	0.038317757	0.031775701	0.024299065	0	0.01588785	0.012149533	0.012149533	0.008411215	0.009345794	0.01682243	0.017757009	0.011214953	0.010280374	0.006542056	0.003738318	0.007476636	0.009345794	0.014018692	0.011214953	0	0.000934579	0.01682243	0.008411215	0.012149533	0.007476636	0.003738318	0.002803738	0.010280374	0	0	0	0	0	0	0	0	0	0	0	0	0	0	0	0	0	0	0	0	0	0	0	0	0	0	0	0	0	0	0	0
Uncultured Dothideomycetes2	0	0	0	0	0.003738318	0	0	0	0	0	0	0	0	0	0	0	0	0	0	0	0	0	0	0	0	0	0	0	0	0	0	0	0	0.014018692	0	0	0	0.002803738	0.000934579	0	0	0	0.004672897	0.005607477	0.001869159	0.001869159	0	0.000934579	0.006542056	0	0.002803738	0.002803738	0.000934579	0.005607477	0.003738318	0.003738318	0.002803738	0.004672897	0.000934579	0.001869159
Uncultured Chytridiomycetes5	0.000934579	0	0	0.026168224	0	0	0	0	0	0	0	0	0	0	0.000934579	0	0	0.009345794	0	0.024299065	0.003738318	0	0	0	0	0	0.000934579	0	0	0.027102804	0.005607477	0	0	0.165420561	0.064485981	0.028971963	0.06728972	0.105607477	0.102803738	0.178504673	0.338317757	0.035514019	0.097196262	0.119626168	0.148598131	0.339252336	0.339252336	0.425233645	0.041121495	0.079439252	0.186915888	0.028971963	0.057943925	0.071028037	0.151401869	0.134579439	0.300934579	0.095327103	0.042990654	0.13364486
Nitrospira	0.004672897	0.005607477	0.008411215	0.000934579	0.001869159	0.004672897	0.007476636	0.001869159	0.005607477	0.005607477	0.002803738	0.004672897	0.003738318	0.006542056	0.002803738	0.001869159	0	0.003738318	0.003738318	0	0	0.004672897	0.002803738	0.005607477	0.007476636	0.014018692	0.004672897	0.004672897	0.001869159	0	0	0	0	0.000934579	0.002803738	0.000934579	0.000934579	0.000934579	0.000934579	0	0	0.000934579	0	0.001869159	0	0	0	0	0.000934579	0	0	0.001869159	0	0	0.000934579	0.000934579	0.000934579	0	0.002803738	0
Uncultured Chitinophagaceae6	0	0	0	0	0	0	0	0	0	0	0	0	0	0	0	0	0	0	0	0	0	0	0	0	0	0	0	0	0	0	0	0	0	0.004672897	0	0	0	0.000934579	0	0	0.000934579	0	0.002803738	0.001869159	0.004672897	0.000934579	0.014953271	0.001869159	0	0	0.001869159	0.002803738	0.001869159	0.014018692	0.012149533	0.008411215	0.014953271	0.005607477	0.000934579	0.002803738
Pseudomonas2	0.000934579	0.004672897	0.002803738	0	0.014018692	0.001869159	0.012149533	0.005607477	0.007476636	0.012149533	0.011214953	0.009345794	0.021495327	0.008411215	0.014018692	0	0	0	0	0	0	0.001869159	0	0	0	0	0.002803738	0.001869159	0	0	0	0	0	0	0	0	0	0	0	0	0	0	0	0	0	0	0	0	0	0	0	0	0	0	0	0	0	0	0	0
Rhyzophidiales	0	0	0	0	0	0	0	0	0	0	0	0	0	0.004672897	0	0	0	0	0.000934579	0	0	0.000934579	0.004672897	0.002803738	0.001869159	0.002803738	0.001869159	0.012149533	0.004672897	0	0	0	0	0	0	0	0	0	0	0	0	0	0.003738318	0.009345794	0	0.001869159	0.027102804	0.001869159	0.007476636	0	0.008411215	0	0	0	0	0	0	0	0	0
Mariannaea elegans var. punicea	0	0	0	0	0	0	0	0	0	0	0	0	0	0	0	0.074766355	0	0	0	0	0	0	0	0	0	0	0.004672897	0	0.047663551	0	0	0	0	0	0	0	0	0	0	0	0	0	0	0.003738318	0	0.01588785	0.007476636	0.014953271	0.001869159	0.002803738	0.005607477	0.007476636	0.017757009	0.022429907	0.025233645	0.039252336	0.018691589	0.005607477	0.014018692	0.01588785
Uncultured Anaerolineaceae	0.018691589	0.014018692	0.025233645	0.002803738	0.017757009	0.007476636	0.006542056	0.008411215	0.004672897	0.008411215	0.004672897	0.012149533	0.012149533	0.006542056	0.012149533	0.003738318	0.004672897	0	0.007476636	0	0.001869159	0	0	0	0	0	0	0	0	0	0	0	0	0	0	0	0	0	0	0	0	0	0	0	0	0	0	0	0	0	0	0	0	0	0	0	0	0	0	0
Uncultured Nitrosomonadaceae (MND1)	0	0	0	0	0	0	0	0	0	0	0	0	0	0	0	0	0	0	0	0	0	0	0	0	0	0	0	0	0	0	0	0	0.01682243	0	0	0	0	0	0	0.002803738	0	0	0	0.000934579	0.004672897	0.002803738	0.000934579	0.002803738	0.001869159	0	0	0.006542056	0.005607477	0.001869159	0.001869159	0.004672897	0.003738318	0.011214953	0.006542056	0.005607477
Uncultured MAST-12C	0	0	0	0	0	0	0	0	0.001869159	0	0	0.000934579	0.001869159	0	0	0	0	0	0	0	0.006542056	0	0	0.001869159	0	0	0.000934579	0	0	0	0	0	0.012149533	0.005607477	0.007476636	0.004672897	0.009345794	0.010280374	0.006542056	0.008411215	0.006542056	0.011214953	0	0	0	0	0	0	0	0	0	0.004672897	0.003738318	0.004672897	0.013084112	0.008411215	0.004672897	0.013084112	0.004672897	0.005607477
Uncultured Salpingoecidae (Group C2)	0	0	0.001869159	0	0	0.000934579	0.000934579	0.002803738	0	0.004672897	0.003738318	0.000934579	0.001869159	0	0	0.005607477	0.007476636	0.002803738	0.018691589	0.008411215	0	0.004672897	0.008411215	0.011214953	0.013084112	0.005607477	0.008411215	0.01588785	0	0	0	0	0	0	0	0	0	0	0	0	0	0	0	0	0	0	0	0	0	0	0	0	0	0	0	0	0	0	0	0
Uncultured Sordariomycetes5	0.000934579	0	0	0	0	0	0	0	0	0	0	0.000934579	0	0	0	0	0	0	0	0	0	0	0.012149533	0.011214953	0	0	0.004672897	0.019626168	0.059813084	0	0	0	0	0.008411215	0.017757009	0.017757009	0.01682243	0.018691589	0.014018692	0.009345794	0.007476636	0.011214953	0.025233645	0.031775701	0.017757009	0.046728972	0.009345794	0.008411215	0.009345794	0.020560748	0.008411215	0	0.000934579	0.001869159	0	0.001869159	0.001869159	0	0.001869159	0
Uncultured Chytridiomycetes6	0.013084112	0.002803738	0.000934579	0	0.002803738	0.009345794	0.001869159	0	0.002803738	0.003738318	0.011214953	0.000934579	0.001869159	0	0	0	0	0	0	0	0	0.000934579	0.001869159	0.002803738	0.002803738	0.000934579	0	0	0	0	0	0	0	0	0	0	0	0	0	0	0	0	0	0	0	0	0	0	0	0	0	0	0	0	0	0	0	0	0	0
Leptothrix	0	0.001869159	0.002803738	0	0.001869159	0.003738318	0.001869159	0.003738318	0.000934579	0.000934579	0.002803738	0.003738318	0.004672897	0.003738318	0.002803738	0.000934579	0	0.003738318	0.005607477	0	0	0	0.001869159	0	0	0.000934579	0.000934579	0.002803738	0	0	0	0	0	0	0	0	0	0	0	0	0	0	0	0	0	0	0	0	0	0	0	0	0	0	0	0	0	0	0	0
Uncultured Dothideomycetes3	0.045794393	0.030841121	0.017757009	0	0.023364486	0.023364486	0.009345794	0.007476636	0.019626168	0.013084112	0.007476636	0.014018692	0.006542056	0.006542056	0	0.005607477	0	0.017757009	0.003738318	0	0	0	0	0	0	0	0.005607477	0	0	0	0	0	0	0	0	0	0.014018692	0	0	0	0	0	0.011214953	0.014953271	0.008411215	0.003738318	0.001869159	0.001869159	0.014018692	0.011214953	0.011214953	0	0.001869159	0	0.001869159	0.012149533	0.001869159	0.002803738	0.007476636	0
Ramlibacter5	0	0	0	0	0	0	0	0	0	0	0	0	0	0	0	0.001869159	0	0	0	0	0	0	0	0	0	0.001869159	0	0	0	0	0	0	0.008411215	0.014018692	0.007476636	0.005607477	0.004672897	0.014018692	0.008411215	0.008411215	0.014018692	0.007476636	0.004672897	0.003738318	0.002803738	0.004672897	0.001869159	0.008411215	0.001869159	0.008411215	0.003738318	0.000934579	0	0	0.001869159	0.003738318	0.001869159	0.001869159	0.003738318	0.003738318
Uncultured Chitinophagaceae7	0.070093458	0.014953271	0.01588785	0	0.047663551	0.008411215	0.004672897	0.004672897	0.01588785	0.011214953	0.014018692	0.01682243	0.011214953	0.014953271	0.009345794	0.003738318	0.006542056	0.013084112	0.009345794	0	0.005607477	0.034579439	0.011214953	0.008411215	0.010280374	0.010280374	0.011214953	0.006542056	0	0.000934579	0	0.017757009	0.01682243	0	0	0	0	0	0	0	0	0	0	0	0	0	0	0	0	0	0	0	0	0	0	0	0	0	0	0